Unicode (codepoint),Sentiment score ([-1...+1]),Char,Image ([twemoji]),Neg ([0...1]),Neut ([0...1]),Pos ([0...1]),Unicode name
0x1f602,0.221,__,,0.247,0.285,0.468,FACE WITH TEARS OF JOY
0x2764,0.746,_,,0.044,0.166,0.79,HEAVY BLACK HEART
0x2665,0.657,_,,0.035,0.272,0.693,BLACK HEART SUIT
0x1f60d,0.678,__,,0.052,0.219,0.729,SMILING FACE WITH HEART-SHAPED EYES
0x1f62d,-0.093,__,,0.436,0.22,0.343,LOUDLY CRYING FACE
0x1f618,0.701,__,,0.053,0.193,0.754,FACE THROWING A KISS
0x1f60a,0.644,__,,0.06,0.237,0.704,SMILING FACE WITH SMILING EYES
0x1f44c,0.563,__,,0.094,0.249,0.657,OK HAND SIGN
0x1f495,0.632,__,,0.042,0.285,0.674,TWO HEARTS
0x1f44f,0.52,__,,0.104,0.271,0.624,CLAPPING HANDS SIGN
0x1f601,0.449,__,,0.127,0.296,0.577,GRINNING FACE WITH SMILING EYES
0x263a,0.657,_,,0.062,0.218,0.72,WHITE SMILING FACE
0x2661,0.669,_,_,0.052,0.227,0.721,WHITE HEART SUIT
0x1f44d,0.521,__,,0.115,0.248,0.637,THUMBS UP SIGN
0x1f629,-0.368,__,,0.591,0.186,0.223,WEARY FACE
0x1f64f,0.417,__,,0.081,0.421,0.498,PERSON WITH FOLDED HANDS
0x270c,0.463,_,,0.113,0.31,0.576,VICTORY HAND
0x1f60f,0.332,__,,0.112,0.444,0.444,SMIRKING FACE
0x1f609,0.463,__,,0.1,0.337,0.563,WINKING FACE
0x1f64c,0.559,__,,0.101,0.238,0.661,PERSON RAISING BOTH HANDS IN CELEBRATION
0x1f648,0.432,__,,0.164,0.241,0.596,SEE-NO-EVIL MONKEY
0x1f4aa,0.555,__,,0.072,0.301,0.627,FLEXED BICEPS
0x1f604,0.421,__,,0.137,0.305,0.558,SMILING FACE WITH OPEN MOUTH AND SMILING EYES
0x1f612,-0.374,__,,0.591,0.192,0.217,UNAMUSED FACE
0x1f483,0.734,__,,0.045,0.177,0.779,DANCER
0x1f496,0.712,__,,0.043,0.201,0.755,SPARKLING HEART
0x1f603,0.557,__,,0.072,0.299,0.629,SMILING FACE WITH OPEN MOUTH
0x1f614,-0.146,__,,0.464,0.219,0.318,PENSIVE FACE
0x1f631,0.19,__,,0.264,0.282,0.454,FACE SCREAMING IN FEAR
0x1f389,0.738,__,,0.039,0.184,0.777,PARTY POPPER
0x1f61c,0.455,__,,0.112,0.322,0.566,FACE WITH STUCK-OUT TONGUE AND WINKING EYE
0x262f,0.001,_,_,0.006,0.987,0.007,YIN YANG
0x1f338,0.65,__,,0.04,0.27,0.69,CHERRY BLOSSOM
0x1f49c,0.654,__,,0.045,0.257,0.699,PURPLE HEART
0x1f499,0.73,__,,0.033,0.204,0.763,BLUE HEART
0x2728,0.351,_,,0.052,0.545,0.403,SPARKLES
0x1f633,0.018,__,,0.327,0.327,0.345,FLUSHED FACE
0x1f497,0.657,__,,0.051,0.241,0.708,GROWING HEART
0x2605,0.283,_,_,0.031,0.655,0.314,BLACK STAR
0x2588,-0.032,_,_,0.09,0.853,0.057,FULL BLOCK
0x2600,0.465,_,,0.028,0.479,0.493,BLACK SUN WITH RAYS
0x1f621,-0.173,__,,0.532,0.108,0.36,POUTING FACE
0x1f60e,0.491,__,,0.106,0.297,0.597,SMILING FACE WITH SUNGLASSES
0x1f622,0.007,__,,0.384,0.225,0.391,CRYING FACE
0x1f48b,0.691,__,,0.039,0.231,0.73,KISS MARK
0x1f60b,0.631,__,,0.046,0.277,0.677,FACE SAVOURING DELICIOUS FOOD
0x1f64a,0.459,__,,0.135,0.272,0.593,SPEAK-NO-EVIL MONKEY
0x1f634,-0.08,__,,0.422,0.237,0.341,SLEEPING FACE
0x1f3b6,0.537,__,,0.097,0.27,0.634,MULTIPLE MUSICAL NOTES
0x1f49e,0.739,__,,0.041,0.18,0.78,REVOLVING HEARTS
0x1f60c,0.482,__,,0.141,0.237,0.623,RELIEVED FACE
0x1f525,0.139,__,,0.124,0.613,0.263,FIRE
0x1f4af,0.12,__,,0.281,0.317,0.402,HUNDRED POINTS SYMBOL
0x1f52b,-0.194,__,,0.493,0.209,0.298,PISTOL
0x1f49b,0.709,__,,0.043,0.205,0.752,YELLOW HEART
0x1f481,0.326,__,,0.192,0.29,0.518,INFORMATION DESK PERSON
0x1f49a,0.656,__,,0.078,0.189,0.733,GREEN HEART
0x266b,0.287,_,_,0.063,0.586,0.351,BEAMED EIGHTH NOTES
0x1f61e,-0.118,__,,0.479,0.161,0.361,DISAPPOINTED FACE
0x1f606,0.409,__,,0.155,0.281,0.564,SMILING FACE WITH OPEN MOUTH AND TIGHTLY-CLOSED EYES
0x1f61d,0.423,__,,0.132,0.313,0.555,FACE WITH STUCK-OUT TONGUE AND TIGHTLY-CLOSED EYES
0x1f62a,-0.08,__,,0.431,0.219,0.351,SLEEPY FACE
0xfffd,0.086,_,_,0.166,0.581,0.253,REPLACEMENT CHARACTER
0x1f62b,-0.145,__,,0.485,0.174,0.34,TIRED FACE
0x1f605,0.178,__,,0.292,0.237,0.471,SMILING FACE WITH OPEN MOUTH AND COLD SWEAT
0x1f44a,0.228,__,,0.265,0.243,0.492,FISTED HAND SIGN
0x1f480,-0.207,__,,0.468,0.27,0.261,SKULL
0x1f600,0.568,__,,0.086,0.26,0.654,GRINNING FACE
0x1f61a,0.71,__,,0.049,0.192,0.759,KISSING FACE WITH CLOSED EYES
0x1f63b,0.619,__,,0.069,0.243,0.688,SMILING CAT FACE WITH HEART-SHAPED EYES
0xa9,0.117,©,,0.131,0.621,0.248,COPYRIGHT SIGN
0x1f440,0.063,__,,0.228,0.482,0.291,EYES
0x1f498,0.683,__,,0.048,0.221,0.731,HEART WITH ARROW
0x1f413,0.028,__,,0.109,0.755,0.137,ROOSTER
0x2615,0.244,_,,0.14,0.475,0.384,HOT BEVERAGE
0x1f44b,0.413,__,,0.158,0.27,0.571,WAVING HAND SIGN
0x270b,0.126,_,,0.328,0.218,0.454,RAISED HAND
0x1f38a,0.721,__,,0.057,0.164,0.779,CONFETTI BALL
0x1f355,0.417,__,,0.056,0.47,0.473,SLICE OF PIZZA
0x2744,0.506,_,,0.099,0.295,0.605,SNOWFLAKE
0x1f625,0.122,__,,0.317,0.244,0.439,DISAPPOINTED BUT RELIEVED FACE
0x1f615,-0.397,__,,0.601,0.195,0.204,CONFUSED FACE
0x1f4a5,0.148,__,,0.072,0.708,0.22,COLLISION SYMBOL
0x1f494,-0.121,__,,0.414,0.293,0.293,BROKEN HEART
0x1f624,-0.209,__,,0.479,0.252,0.27,FACE WITH LOOK OF TRIUMPH
0x1f608,0.265,__,,0.204,0.326,0.47,SMILING FACE WITH HORNS
0x25ba,0.162,_,_,0.125,0.588,0.287,BLACK RIGHT-POINTING POINTER
0x2708,0.415,_,,0.043,0.498,0.458,AIRPLANE
0x1f51d,0.474,__,,0.088,0.35,0.562,TOP WITH UPWARDS ARROW ABOVE
0x1f630,-0.02,__,,0.436,0.148,0.416,FACE WITH OPEN MOUTH AND COLD SWEAT
0x26bd,0.616,_,,0.053,0.278,0.669,SOCCER BALL
0x1f611,-0.311,__,,0.513,0.285,0.202,EXPRESSIONLESS FACE
0x1f451,0.694,__,,0.043,0.219,0.738,CROWN
0x1f639,0.141,__,,0.299,0.262,0.44,CAT FACE WITH TEARS OF JOY
0x1f449,0.39,__,,0.071,0.468,0.461,WHITE RIGHT POINTING BACKHAND INDEX
0x1f343,0.378,__,,0.102,0.418,0.48,LEAF FLUTTERING IN WIND
0x1f381,0.759,__,,0.041,0.158,0.801,WRAPPED PRESENT
0x1f620,-0.299,__,,0.564,0.172,0.265,ANGRY FACE
0x1f427,0.456,__,,0.042,0.46,0.498,PENGUIN
0x2606,0.428,_,_,0.032,0.509,0.46,WHITE STAR
0x1f340,0.285,__,,0.025,0.665,0.31,FOUR LEAF CLOVER
0x1f388,0.718,__,,0.018,0.246,0.736,BALLOON
0x1f385,0.318,__,,0.029,0.625,0.347,FATHER CHRISTMAS
0x1f613,-0.08,__,,0.431,0.217,0.351,FACE WITH COLD SWEAT
0x1f623,-0.212,__,,0.54,0.131,0.328,PERSEVERING FACE
0x1f610,-0.388,__,,0.553,0.282,0.165,NEUTRAL FACE
0x270a,0.429,_,,0.139,0.293,0.568,RAISED FIST
0x1f628,-0.14,__,,0.434,0.272,0.294,FEARFUL FACE
0x1f616,-0.155,__,,0.483,0.188,0.328,CONFOUNDED FACE
0x1f4a4,0.37,__,,0.144,0.341,0.515,SLEEPING SYMBOL
0x1f493,0.664,__,,0.061,0.214,0.725,BEATING HEART
0x1f44e,-0.188,__,,0.494,0.199,0.307,THUMBS DOWN SIGN
0x1f4a6,0.471,__,,0.141,0.247,0.612,SPLASHING SWEAT SYMBOL
0x2714,0.27,_,,0.127,0.476,0.397,HEAVY CHECK MARK
0x1f637,-0.169,__,,0.474,0.221,0.305,FACE WITH MEDICAL MASK
0x26a1,0.177,_,,0.044,0.735,0.221,HIGH VOLTAGE SIGN
0x1f64b,0.485,__,,0.13,0.255,0.615,HAPPY PERSON RAISING ONE HAND
0x1f384,0.531,__,,0.067,0.335,0.598,CHRISTMAS TREE
0x1f4a9,-0.116,__,,0.409,0.297,0.293,PILE OF POO
0x1f3b5,0.5,__,,0.106,0.288,0.606,MUSICAL NOTE
0x27a1,0.147,_,,0.013,0.827,0.16,BLACK RIGHTWARDS ARROW
0x1f61b,0.601,__,,0.085,0.229,0.686,FACE WITH STUCK-OUT TONGUE
0x1f62c,0.194,__,,0.267,0.272,0.461,GRIMACING FACE
0x1f46f,0.439,__,,0.117,0.327,0.556,WOMAN WITH BUNNY EARS
0x1f48e,0.561,__,,0.057,0.325,0.618,GEM STONE
0x1f33f,0.384,__,,0.009,0.597,0.393,HERB
0x1f382,0.613,__,,0.083,0.221,0.696,BIRTHDAY CAKE
0x1f31f,0.327,__,,0.059,0.554,0.386,GLOWING STAR
0x1f52e,0.267,__,,0.035,0.663,0.302,CRYSTAL BALL
0x2757,0.1,_,,0.159,0.582,0.259,HEAVY EXCLAMATION MARK SYMBOL
0x1f46b,0.255,__,,0.22,0.305,0.475,MAN AND WOMAN HOLDING HANDS
0x1f3c6,0.726,__,,0.036,0.203,0.761,TROPHY
0x2716,0.311,_,,0.046,0.597,0.357,HEAVY MULTIPLICATION X
0x261d,0.309,_,,0.144,0.402,0.454,WHITE UP POINTING INDEX
0x1f619,0.778,__,,0.021,0.18,0.799,KISSING FACE WITH SMILING EYES
0x26c4,0.521,_,,0.077,0.325,0.598,SNOWMAN WITHOUT SNOW
0x1f445,0.461,__,,0.124,0.29,0.585,TONGUE
0x266a,0.534,_,_,0.083,0.301,0.617,EIGHTH NOTE
0x1f342,0.547,__,,0.036,0.38,0.583,FALLEN LEAF
0x1f48f,0.388,__,,0.181,0.25,0.569,KISS
0x1f52a,0.07,__,,0.21,0.511,0.28,HOCHO
0x1f334,0.525,__,,0.077,0.32,0.602,PALM TREE
0x1f448,0.424,__,,0.085,0.407,0.508,WHITE LEFT POINTING BACKHAND INDEX
0x1f339,0.6,__,,0.023,0.354,0.623,ROSE
0x1f646,0.5,__,,0.092,0.316,0.592,FACE WITH OK GESTURE
0x279c,0.162,_,_,0.052,0.734,0.214,HEAVY ROUND-TIPPED RIGHTWARDS ARROW
0x1f47b,0.228,__,,0.17,0.433,0.398,GHOST
0x1f4b0,0.251,__,,0.158,0.433,0.409,MONEY BAG
0x1f37b,0.512,__,,0.107,0.274,0.619,CLINKING BEER MUGS
0x1f645,-0.202,__,,0.458,0.286,0.256,FACE WITH NO GOOD GESTURE
0x1f31e,0.558,__,,0.024,0.394,0.582,SUN WITH FACE
0x1f341,0.482,__,,0.037,0.445,0.518,MAPLE LEAF
0x2b50,0.58,_,,0.037,0.346,0.617,WHITE MEDIUM STAR
0x25aa,0.198,_,,0.099,0.605,0.296,BLACK SMALL SQUARE
0x1f380,0.629,__,,0.044,0.283,0.673,RIBBON
0x2501,0.176,_,_,0.094,0.635,0.27,BOX DRAWINGS HEAVY HORIZONTAL
0x2637,0.064,_,_,0.019,0.898,0.083,TRIGRAM FOR EARTH
0x1f437,0.368,__,,0.077,0.477,0.445,PIG FACE
0x1f649,0.333,__,,0.176,0.314,0.51,HEAR-NO-EVIL MONKEY
0x1f33a,0.549,__,,0.02,0.412,0.569,HIBISCUS
0x1f485,0.388,__,,0.184,0.243,0.572,NAIL POLISH
0x1f436,0.576,__,,0.086,0.252,0.662,DOG FACE
0x1f31a,0.464,__,,0.159,0.219,0.623,NEW MOON WITH FACE
0x1f47d,0.315,__,,0.094,0.497,0.409,EXTRATERRESTRIAL ALIEN
0x1f3a4,0.476,__,,0.122,0.279,0.599,MICROPHONE
0x1f46d,0.463,__,,0.143,0.252,0.605,TWO WOMEN HOLDING HANDS
0x1f3a7,0.414,__,,0.131,0.324,0.545,HEADPHONE
0x1f446,0.326,__,,0.121,0.433,0.447,WHITE UP POINTING BACKHAND INDEX
0x1f378,0.539,__,,0.092,0.277,0.631,COCKTAIL GLASS
0x1f377,0.393,__,,0.057,0.493,0.45,WINE GLASS
0xae,0.279,¬,,0.071,0.579,0.35,REGISTERED SIGN
0x1f349,0.597,__,,0.079,0.245,0.676,WATERMELON
0x1f607,0.587,__,,0.072,0.268,0.659,SMILING FACE WITH HALO
0x2611,0.101,_,,0.022,0.855,0.123,BALLOT BOX WITH CHECK
0x1f3c3,0.406,__,,0.094,0.406,0.5,RUNNER
0x1f63f,-0.372,__,,0.577,0.219,0.204,CRYING CAT FACE
0x2502,0.343,_,_,0.007,0.642,0.35,BOX DRAWINGS LIGHT VERTICAL
0x1f4a3,0.007,__,,0.306,0.381,0.313,BOMB
0x1f37a,0.493,__,,0.067,0.373,0.56,BEER MUG
0x25b6,0.209,_,,0.06,0.672,0.269,BLACK RIGHT-POINTING TRIANGLE
0x1f632,-0.068,__,,0.386,0.295,0.318,ASTONISHED FACE
0x1f3b8,0.516,__,,0.016,0.453,0.531,GUITAR
0x1f379,0.659,__,,0.048,0.246,0.706,TROPICAL DRINK
0x1f4ab,0.5,__,,0.04,0.419,0.54,DIZZY SYMBOL
0x1f4da,0.336,__,,0.189,0.287,0.525,BOOKS
0x1f636,-0.142,__,,0.425,0.292,0.283,FACE WITHOUT MOUTH
0x1f337,0.538,__,,0.008,0.445,0.546,TULIP
0x1f49d,0.644,__,,0.076,0.203,0.72,HEART WITH RIBBON
0x1f4a8,0.381,__,,0.11,0.398,0.492,DASH SYMBOL
0x1f3c8,0.53,__,,0.068,0.333,0.598,AMERICAN FOOTBALL
0x1f48d,0.478,__,,0.148,0.226,0.626,RING
0x2614,0.289,_,,0.193,0.325,0.482,UMBRELLA WITH RAIN DROPS
0x1f478,0.605,__,,0.061,0.272,0.667,PRINCESS
0x1f1ea,0.616,__,,0.027,0.33,0.643,REGIONAL INDICATOR SYMBOL LETTER E
0x2591,-0.045,_,_,0.234,0.577,0.189,LIGHT SHADE
0x1f369,0.382,__,,0.145,0.327,0.527,DOUGHNUT
0x1f47e,0.361,__,,0.019,0.602,0.38,ALIEN MONSTER
0x2601,0.308,_,,0.14,0.411,0.449,CLOUD
0x1f33b,0.57,__,,0.019,0.393,0.589,SUNFLOWER
0x1f635,0.085,__,,0.321,0.274,0.406,DIZZY FACE
0x1f4d2,0.038,__,,0.01,0.943,0.048,LEDGER
0x21bf,0.648,_,_,0.01,0.333,0.657,UPWARDS HARPOON WITH BARB LEFTWARDS
0x1f42f,0.476,__,,0.049,0.427,0.524,TIGER FACE
0x1f47c,0.333,__,,0.176,0.314,0.51,BABY ANGEL
0x1f354,0.277,__,,0.168,0.386,0.446,HAMBURGER
0x1f638,0.41,__,,0.12,0.35,0.53,GRINNING CAT FACE WITH SMILING EYES
0x1f476,0.434,__,,0.141,0.283,0.576,BABY
0x21be,0.646,_,_,0.01,0.333,0.657,UPWARDS HARPOON WITH BARB RIGHTWARDS
0x1f490,0.735,__,,0.041,0.184,0.776,BOUQUET
0x1f30a,0.5,__,,0.092,0.316,0.592,WATER WAVE
0x1f366,0.459,__,,0.143,0.255,0.602,SOFT ICE CREAM
0x1f353,0.67,__,,0.041,0.247,0.711,STRAWBERRY
0x1f447,0.247,__,,0.144,0.464,0.392,WHITE DOWN POINTING BACKHAND INDEX
0x1f486,0.221,__,,0.263,0.253,0.484,FACE MASSAGE
0x1f374,0.537,__,,0.053,0.358,0.589,FORK AND KNIFE
0x1f627,-0.063,__,,0.389,0.284,0.326,ANGUISHED FACE
0x1f1f8,0.511,__,,0.096,0.298,0.606,REGIONAL INDICATOR SYMBOL LETTER S
0x1f62e,0.269,__,,0.183,0.366,0.452,FACE WITH OPEN MOUTH
0x2593,0.011,_,_,0.032,0.925,0.043,DARK SHADE
0x1f6ab,-0.44,__,,0.538,0.363,0.099,NO ENTRY SIGN
0x1f63d,0.571,__,,0.132,0.165,0.703,KISSING CAT FACE WITH CLOSED EYES
0x1f308,0.516,__,,0.066,0.352,0.582,RAINBOW
0x1f640,0.33,__,,0.165,0.341,0.495,WEARY CAT FACE
0x26a0,-0.066,_,,0.187,0.692,0.121,WARNING SIGN
0x1f3ae,0.427,__,,0.101,0.371,0.528,VIDEO GAME
0x256f,-0.011,_,_,0.23,0.552,0.218,BOX DRAWINGS LIGHT ARC UP AND LEFT
0x1f346,0.402,__,,0.08,0.437,0.483,AUBERGINE
0x1f370,0.448,__,,0.161,0.23,0.609,SHORTCAKE
0x2713,0.287,_,_,0.115,0.483,0.402,CHECK MARK
0x1f450,-0.023,__,,0.395,0.233,0.372,OPEN HANDS SIGN
0x1f647,0.14,__,,0.291,0.279,0.43,PERSON BOWING DEEPLY
0x1f35f,0.302,__,,0.174,0.349,0.477,FRENCH FRIES
0x1f34c,0.435,__,,0.129,0.306,0.565,BANANA
0x1f491,0.659,__,,0.071,0.2,0.729,COUPLE WITH HEART
0x1f46c,-0.059,__,,0.353,0.353,0.294,TWO MEN HOLDING HANDS
0x1f423,0.476,__,,0.155,0.214,0.631,HATCHING CHICK
0x1f383,0.595,__,,0.083,0.238,0.679,JACK-O-LANTERN
0x25ac,0.464,_,_,0.012,0.512,0.476,BLACK RECTANGLE
0xfffc,-0.476,_,_,0.536,0.405,0.06,OBJECT REPLACEMENT CHARACTER
0x1f61f,0.072,__,,0.349,0.229,0.422,WORRIED FACE
0x1f43e,0.605,__,,0.111,0.173,0.716,PAW PRINTS
0x1f393,0.563,__,,0.1,0.238,0.663,GRADUATION CAP
0x1f3ca,0.575,__,,0.038,0.35,0.613,SWIMMER
0x1f36b,0.152,__,,0.291,0.266,0.443,CHOCOLATE BAR
0x1f4f7,0.43,__,,0.101,0.367,0.532,CAMERA
0x1f444,0.474,__,,0.077,0.372,0.551,MOUTH
0x1f33c,0.779,__,,0.026,0.169,0.805,BLOSSOM
0x1f6b6,-0.143,__,,0.377,0.39,0.234,PEDESTRIAN
0x1f431,0.513,__,,0.145,0.197,0.658,CAT FACE
0x2551,0.145,_,_,0.013,0.829,0.158,BOX DRAWINGS DOUBLE VERTICAL
0x1f438,-0.08,__,,0.333,0.413,0.253,FROG FACE
0x1f1fa,0.541,__,,0.122,0.216,0.662,REGIONAL INDICATOR SYMBOL LETTER U
0x1f47f,-0.534,__,,0.658,0.219,0.123,IMP
0x1f6ac,0.521,__,,0.123,0.233,0.644,SMOKING SYMBOL
0x273f,0.384,_,_,0.041,0.534,0.425,BLACK FLORETTE
0x1f4d6,0.169,__,,0.268,0.296,0.437,OPEN BOOK
0x1f412,0.521,__,,0.028,0.423,0.549,MONKEY
0x1f30d,0.592,__,,0.085,0.239,0.676,EARTH GLOBE EUROPE-AFRICA
0x250a,0.958,_,_,0.014,0.014,0.972,BOX DRAWINGS LIGHT QUADRUPLE DASH VERTICAL
0x1f425,0.586,__,,0.071,0.271,0.657,FRONT-FACING BABY CHICK
0x1f300,0.101,__,,0.159,0.58,0.261,CYCLONE
0x1f43c,0.261,__,,0.072,0.594,0.333,PANDA FACE
0x1f3a5,0.29,__,,0.13,0.449,0.42,MOVIE CAMERA
0x1f484,0.435,__,,0.101,0.362,0.536,LIPSTICK
0x1f4b8,0.159,__,,0.246,0.348,0.406,MONEY WITH WINGS
0x26d4,0.485,_,,0.088,0.338,0.574,NO ENTRY
0x25cf,0.176,_,_,0.132,0.559,0.309,BLACK CIRCLE
0x1f3c0,0.254,__,,0.209,0.328,0.463,BASKETBALL AND HOOP
0x1f489,0.358,__,,0.179,0.284,0.537,SYRINGE
0x1f49f,0.682,__,,0.061,0.197,0.742,HEART DECORATION
0x1f697,0.231,__,,0.138,0.492,0.369,AUTOMOBILE
0x1f62f,0.123,__,,0.262,0.354,0.385,HUSHED FACE
0x1f4dd,0.231,__,,0.138,0.492,0.369,MEMO
0x2550,0.015,_,_,0.015,0.954,0.031,BOX DRAWINGS DOUBLE HORIZONTAL
0x2666,0.453,_,,0.109,0.328,0.563,BLACK DIAMOND SUIT
0x1f4ad,0.206,__,,0.175,0.444,0.381,THOUGHT BALLOON
0x1f319,0.59,__,,0.066,0.279,0.656,CRESCENT MOON
0x1f41f,0.689,__,,0.049,0.213,0.738,FISH
0x1f463,0.344,__,,0.115,0.426,0.459,FOOTPRINTS
0x261e,0.115,_,_,0.016,0.852,0.131,WHITE RIGHT POINTING INDEX
0x2702,-0.459,_,,0.574,0.311,0.115,BLACK SCISSORS
0x1f5ff,0.443,__,,0.098,0.361,0.541,MOYAI
0x1f35d,0.117,__,,0.283,0.317,0.4,SPAGHETTI
0x1f46a,-0.017,__,,0.417,0.183,0.4,FAMILY
0x1f36d,0.3,__,,0.167,0.367,0.467,LOLLIPOP
0x1f303,0.39,__,,0.068,0.475,0.458,NIGHT WITH STARS
0x274c,0.271,_,,0.254,0.22,0.525,CROSS MARK
0x1f430,0.586,__,,0.086,0.241,0.672,RABBIT FACE
0x1f48a,0.431,__,,0.155,0.259,0.586,PILL
0x1f6a8,0.638,__,,0.121,0.121,0.759,POLICE CARS REVOLVING LIGHT
0x1f626,-0.368,__,,0.544,0.281,0.175,FROWNING FACE WITH OPEN MOUTH
0x1f36a,0.316,__,,0.193,0.298,0.509,COOKIE
0x1f363,-0.232,__,,0.446,0.339,0.214,SUSHI
0x256d,0.161,_,_,0.071,0.696,0.232,BOX DRAWINGS LIGHT ARC DOWN AND RIGHT
0x2727,0.321,_,_,0.036,0.607,0.357,WHITE FOUR POINTED STAR
0x1f386,0.709,__,,0.055,0.182,0.764,FIREWORKS
0x256e,0.127,_,_,0.109,0.655,0.236,BOX DRAWINGS LIGHT ARC DOWN AND LEFT
0x1f38e,0.907,__,,0.019,0.056,0.926,JAPANESE DOLLS
0x1f1e9,0.611,__,,0.037,0.315,0.648,REGIONAL INDICATOR SYMBOL LETTER D
0x2705,0.407,_,,0.074,0.444,0.481,WHITE HEAVY CHECK MARK
0x1f479,0.058,__,,0.269,0.404,0.327,JAPANESE OGRE
0x1f4f1,0.308,__,,0.096,0.5,0.404,MOBILE PHONE
0x1f64d,-0.327,__,,0.577,0.173,0.25,PERSON FROWNING
0x1f351,0.25,__,,0.25,0.25,0.5,PEACH
0x1f3bc,0.327,__,,0.058,0.558,0.385,MUSICAL SCORE
0x1f50a,0.404,__,,0.096,0.404,0.5,SPEAKER WITH THREE SOUND WAVES
0x1f30c,0.52,__,,0.12,0.24,0.64,MILKY WAY
0x1f34e,0.32,__,,0.14,0.4,0.46,RED APPLE
0x1f43b,0.44,__,,0.14,0.28,0.58,BEAR FACE
0x2500,0.14,_,_,0.02,0.82,0.16,BOX DRAWINGS LIGHT HORIZONTAL
0x2570,-0.06,_,_,0.16,0.74,0.1,BOX DRAWINGS LIGHT ARC UP AND RIGHT
0x1f487,0.327,__,,0.163,0.347,0.49,HAIRCUT
0x266c,0.245,_,_,0.102,0.551,0.347,BEAMED SIXTEENTH NOTES
0x265a,0.041,_,_,0.02,0.918,0.061,BLACK CHESS KING
0x1f534,0.396,__,,0.042,0.521,0.438,LARGE RED CIRCLE
0x1f371,-0.313,__,,0.542,0.229,0.229,BENTO BOX
0x1f34a,0.417,__,,0.146,0.292,0.563,TANGERINE
0x1f352,0.313,__,,0.146,0.396,0.458,CHERRIES
0x1f42d,0.688,__,,0.021,0.271,0.708,MOUSE FACE
0x1f45f,0.417,__,,0.125,0.333,0.542,ATHLETIC SHOE
0x1f30e,0.319,__,,0.128,0.426,0.447,EARTH GLOBE AMERICAS
0x1f34d,0.468,__,,0.17,0.191,0.638,PINEAPPLE
0x1f42e,0.587,__,,0.065,0.283,0.652,COW FACE
0x1f4f2,0.239,__,,0.174,0.413,0.413,MOBILE PHONE WITH RIGHTWARDS ARROW AT LEFT
0x263c,0.196,_,_,0.065,0.674,0.261,WHITE SUN WITH RAYS
0x1f305,0.356,__,,0.156,0.333,0.511,SUNRISE
0x1f1f7,0.667,__,,0.044,0.244,0.711,REGIONAL INDICATOR SYMBOL LETTER R
0x1f460,0.356,__,,0.156,0.333,0.511,HIGH-HEELED SHOE
0x1f33d,0.444,__,,0.133,0.289,0.578,EAR OF MAIZE
0x1f4a7,-0.159,__,,0.477,0.205,0.318,DROPLET
0x2753,0.068,_,,0.182,0.568,0.25,BLACK QUESTION MARK ORNAMENT
0x1f36c,0.364,__,,0.205,0.227,0.568,CANDY
0x1f63a,0.395,__,,0.209,0.186,0.605,SMILING CAT FACE WITH OPEN MOUTH
0x1f434,0.07,__,,0.209,0.512,0.279,HORSE FACE
0x1f680,0.488,__,,0.07,0.372,0.558,ROCKET
0xa6,0.581,_,_,0.186,0.047,0.767,BROKEN BAR
0x1f4a2,0.233,__,,0.163,0.442,0.395,ANGER SYMBOL
0x1f3ac,0.279,__,,0.07,0.581,0.349,CLAPPER BOARD
0x1f367,0.302,__,,0.233,0.233,0.535,SHAVED ICE
0x1f35c,0.395,__,,0.233,0.14,0.628,STEAMING BOWL
0x1f40f,0.558,__,,0.07,0.302,0.628,RAM
0x1f418,0.023,__,,0.233,0.512,0.256,ELEPHANT
0x1f467,0.14,__,,0.256,0.349,0.395,GIRL
0x2800,0.047,_,_,0.163,0.628,0.209,BRAILLE PATTERN BLANK
0x1f3c4,0.524,__,,0.071,0.333,0.595,SURFER
0x27a4,0.31,_,_,0.024,0.643,0.333,BLACK RIGHTWARDS ARROWHEAD
0x2b06,0.286,_,,0.048,0.619,0.333,UPWARDS BLACK ARROW
0x1f34b,0.244,__,,0.171,0.415,0.415,LEMON
0x1f197,0.537,__,,0.171,0.122,0.707,SQUARED OK
0x26aa,0.45,_,,0.025,0.5,0.475,MEDIUM WHITE CIRCLE
0x1f4fa,0.375,__,,0.1,0.425,0.475,TELEVISION
0x1f345,0.35,__,,0.25,0.15,0.6,TOMATO
0x26c5,0.45,_,,0.125,0.3,0.575,SUN BEHIND CLOUD
0x1f422,0.2,__,,0.175,0.45,0.375,TURTLE
0x1f459,0.5,__,,0.1,0.3,0.6,BIKINI
0x1f3e1,0.436,__,,0.154,0.256,0.59,HOUSE WITH GARDEN
0x1f33e,0.538,__,,0.154,0.154,0.692,EAR OF RICE
0x25c9,0.256,_,_,0.026,0.692,0.282,FISHEYE
0x270f,0.342,_,,0.105,0.447,0.447,PENCIL
0x1f42c,0.421,__,,0.079,0.421,0.5,DOLPHIN
0x1f364,0.053,__,,0.184,0.579,0.237,FRIED SHRIMP
0x1f1f9,0.579,__,,0.026,0.368,0.605,REGIONAL INDICATOR SYMBOL LETTER T
0x2663,0.342,_,,0.132,0.395,0.474,BLACK CLUB SUIT
0x1f41d,0.211,__,,0.158,0.474,0.368,HONEYBEE
0x1f31d,0.189,__,,0.162,0.486,0.351,FULL MOON WITH FACE
0x1f1ee,0.595,__,,0.027,0.351,0.622,REGIONAL INDICATOR SYMBOL LETTER I
0x1f50b,-0.486,__,,0.622,0.243,0.135,BATTERY
0x1f40d,0.351,__,,0.108,0.432,0.459,SNAKE
0x2654,0.541,_,_,0.027,0.405,0.568,WHITE CHESS KING
0x1f373,0.028,__,,0.389,0.194,0.417,COOKING
0x1f535,0.306,__,,0.139,0.417,0.444,LARGE BLUE CIRCLE
0x1f63e,-0.333,__,,0.583,0.167,0.25,POUTING CAT FACE
0x1f315,0.556,__,,0.111,0.222,0.667,FULL MOON SYMBOL
0x1f428,0.444,__,,0.139,0.278,0.583,KOALA
0x1f510,0.333,__,,0.194,0.278,0.528,CLOSED LOCK WITH KEY
0x1f4bf,0.611,__,,0.028,0.333,0.639,OPTICAL DISC
0x2741,0.056,_,_,0.028,0.889,0.083,EIGHT PETALLED OUTLINED BLACK FLORETTE
0x1f333,0.486,__,,0.086,0.343,0.571,DECIDUOUS TREE
0x1f470,0.486,__,,0.114,0.286,0.6,BRIDE WITH VEIL
0x2740,0.4,_,_,0.029,0.543,0.429,WHITE FLORETTE
0x2693,0.571,_,,0.086,0.257,0.657,ANCHOR
0x1f6b4,0.657,__,,0.029,0.286,0.686,BICYCLIST
0x2580,-0.143,_,_,0.314,0.514,0.171,UPPER HALF BLOCK
0x1f457,0.235,__,,0.176,0.412,0.412,DRESS
0x2795,0.529,_,,0.147,0.176,0.676,HEAVY PLUS SIGN
0x1f4ac,0.364,__,,0.152,0.333,0.515,SPEECH BALLOON
0x2592,-0.03,_,_,0.091,0.848,0.061,MEDIUM SHADE
0x1f51c,0.273,__,,0.182,0.364,0.455,SOON WITH RIGHTWARDS ARROW ABOVE
0x1f368,0.212,__,,0.273,0.242,0.485,ICE CREAM
0x1f4b2,0.242,__,,0.03,0.697,0.273,HEAVY DOLLAR SIGN
0x26fd,0.152,_,,0.061,0.727,0.212,FUEL PUMP
0x1f359,0.281,__,,0.188,0.344,0.469,RICE BALL
0x1f357,0.063,__,,0.313,0.313,0.375,POULTRY LEG
0x1f372,0.125,__,,0.25,0.375,0.375,POT OF FOOD
0x1f365,-0.594,__,,0.719,0.156,0.125,FISH CAKE WITH SWIRL DESIGN
0x25b8,0.219,_,_,0.031,0.719,0.25,BLACK RIGHT-POINTING SMALL TRIANGLE
0x265b,0.188,_,_,0.156,0.5,0.344,BLACK CHESS QUEEN
0x1f63c,0.355,__,,0.194,0.258,0.548,CAT FACE WITH WRY SMILE
0x1f419,0.387,__,,0.097,0.419,0.484,OCTOPUS
0x1f468,0.516,__,,0.097,0.29,0.613,MAN
0x1f35a,0.452,__,,0.226,0.097,0.677,COOKED RICE
0x1f356,0.129,__,,0.258,0.355,0.387,MEAT ON BONE
0x2668,0.871,_,,0.032,0.065,0.903,HOT SPRINGS
0x1f3b9,0.355,__,,0.032,0.581,0.387,MUSICAL KEYBOARD
0x2655,0.387,_,_,0.032,0.548,0.419,WHITE CHESS QUEEN
0x2583,0.903,_,_,0.032,0.032,0.935,LOWER THREE EIGHTHS BLOCK
0x1f698,0.067,__,,0.3,0.333,0.367,ONCOMING AUTOMOBILE
0x1f34f,0.067,__,,0.267,0.4,0.333,GREEN APPLE
0x1f469,0.067,__,,0.333,0.267,0.4,WOMAN
0x1f466,0.133,__,,0.2,0.467,0.333,BOY
0x1f1ec,0.267,__,,0.1,0.533,0.367,REGIONAL INDICATOR SYMBOL LETTER G
0x1f1e7,0.267,__,,0.1,0.533,0.367,REGIONAL INDICATOR SYMBOL LETTER B
0x2620,-0.033,_,_,0.267,0.5,0.233,SKULL AND CROSSBONES
0x1f420,0.414,__,,0.172,0.241,0.586,TROPICAL FISH
0x1f6b9,0.69,__,,0.069,0.172,0.759,MENS SYMBOL
0x1f4b5,0.379,__,,0.138,0.345,0.517,BANKNOTE WITH DOLLAR SIGN
0x2730,0.793,_,_,0.034,0.138,0.828,SHADOWED WHITE STAR
0x2560,0.207,_,_,0.034,0.724,0.241,BOX DRAWINGS DOUBLE VERTICAL AND RIGHT
0x1f45b,0.357,__,,0.179,0.286,0.536,PURSE
0x1f699,0.036,__,,0.214,0.536,0.25,RECREATIONAL VEHICLE
0x1f331,0.571,__,,0.036,0.357,0.607,SEEDLING
0x1f4bb,0.25,__,,0.071,0.607,0.321,PERSONAL COMPUTER
0x1f30f,0.321,__,,0.143,0.393,0.464,EARTH GLOBE ASIA-AUSTRALIA
0x2584,-0.071,_,_,0.321,0.429,0.25,LOWER HALF BLOCK
0x1f453,0.296,__,,0.037,0.63,0.333,EYEGLASSES
0x25c4,0.222,_,_,0.037,0.704,0.259,BLACK LEFT-POINTING POINTER
0x26be,-0.037,_,,0.37,0.296,0.333,BASEBALL
0x1f332,0.385,__,,0.115,0.385,0.5,EVERGREEN TREE
0x1f474,0.231,__,,0.231,0.308,0.462,OLDER MAN
0x1f3e0,0.5,__,,0.077,0.346,0.577,HOUSE BUILDING
0x1f347,0.269,__,,0.231,0.269,0.5,GRAPES
0x1f358,0.385,__,,0.231,0.154,0.615,RICE CRACKER
0x1f35b,0.038,__,,0.346,0.269,0.385,CURRY AND RICE
0x1f407,0.231,__,,0.192,0.385,0.423,RABBIT
0x1f51e,-0.038,__,,0.269,0.5,0.231,NO ONE UNDER EIGHTEEN SYMBOL
0x1f475,0.423,__,,0.231,0.115,0.654,OLDER WOMAN
0x25c0,0.269,_,,0.038,0.654,0.308,BLACK LEFT-POINTING TRIANGLE
0x1f519,0.192,__,,0.115,0.577,0.308,BACK WITH LEFTWARDS ARROW ABOVE
0x1f335,0.192,__,,0.269,0.269,0.462,CACTUS
0x1f43d,0.12,__,,0.24,0.4,0.36,PIG NOSE
0x1f36e,-0.12,__,,0.44,0.24,0.32,CUSTARD
0x1f387,0.68,__,,0.08,0.16,0.76,FIREWORK SPARKLER
0x1f40e,0.4,__,,0.12,0.36,0.52,HORSE
0x2794,-0.12,_,_,0.16,0.8,0.04,HEAVY WIDE-HEADED RIGHTWARDS ARROW
0x1f4b6,0,__,,0.16,0.68,0.16,BANKNOTE WITH EURO SIGN
0x1f424,0.52,__,,0.08,0.32,0.6,BABY CHICK
0x2569,0.2,_,_,0.04,0.72,0.24,BOX DRAWINGS DOUBLE UP AND HORIZONTAL
0x1f6c0,0.125,__,,0.292,0.292,0.417,BATH
0x1f311,0.458,__,,0.125,0.292,0.583,NEW MOON SYMBOL
0x1f6b2,0.375,__,,0.083,0.458,0.458,BICYCLE
0x1f411,-0.167,__,,0.292,0.583,0.125,SHEEP
0x1f3c1,0.5,__,,0.042,0.417,0.542,CHEQUERED FLAG
0x1f35e,0.042,__,,0.292,0.375,0.333,BREAD
0x1f3be,0.542,__,,0.125,0.208,0.667,TENNIS RACQUET AND BALL
0x255a,0.292,_,_,0.042,0.625,0.333,BOX DRAWINGS DOUBLE UP AND RIGHT
0x1f239,0.292,__,,0.083,0.542,0.375,SQUARED CJK UNIFIED IDEOGRAPH-5272
0x1f433,0.13,__,,0.217,0.435,0.348,SPOUTING WHALE
0x1f46e,-0.348,__,,0.478,0.391,0.13,POLICE OFFICER
0x2639,-0.522,_,_,0.652,0.217,0.13,WHITE FROWNING FACE
0x1f435,0.478,__,,0.087,0.348,0.565,MONKEY FACE
0x272a,0.304,_,_,0.043,0.609,0.348,CIRCLED WHITE STAR
0x25d5,0.435,_,_,0.043,0.478,0.478,CIRCLE WITH ALL BUT UPPER LEFT QUADRANT BLACK
0x1f5fc,0.522,__,,0.087,0.304,0.609,TOKYO TOWER
0x2590,-0.13,_,_,0.217,0.696,0.087,RIGHT HALF BLOCK
0x2660,0.304,_,,0.043,0.609,0.348,BLACK SPADE SUIT
0x2533,-0.348,_,_,0.478,0.391,0.13,BOX DRAWINGS HEAVY DOWN AND HORIZONTAL
0x1f47a,-0.182,__,,0.409,0.364,0.227,JAPANESE GOBLIN
0x1f41a,0.227,__,,0.091,0.591,0.318,SPIRAL SHELL
0x1f442,-0.136,__,,0.364,0.409,0.227,EAR
0x1f5fd,0.318,__,,0.091,0.5,0.409,STATUE OF LIBERTY
0x1f375,0.364,__,,0.182,0.273,0.545,TEACUP WITHOUT HANDLE
0x1f192,0.364,__,,0.045,0.545,0.409,SQUARED COOL
0x1f36f,0.045,__,,0.364,0.227,0.409,HONEY POT
0x1f43a,0.227,__,,0.136,0.5,0.364,WOLF FACE
0x21e8,0.455,_,_,0.045,0.455,0.5,RIGHTWARDS WHITE ARROW
0x27a8,0.136,_,_,0.136,0.591,0.273,HEAVY CONCAVE-POINTED BLACK RIGHTWARDS ARROW
0x1f313,0.591,__,,0.045,0.318,0.636,FIRST QUARTER MOON SYMBOL
0x1f512,0.182,__,,0.273,0.273,0.455,LOCK
0x256c,-0.136,_,_,0.318,0.5,0.182,BOX DRAWINGS DOUBLE VERTICAL AND HORIZONTAL
0x1f473,0.619,__,,0.143,0.095,0.762,MAN WITH TURBAN
0x1f302,0.238,__,,0.143,0.476,0.381,CLOSED UMBRELLA
0x1f68c,0.19,__,,0.143,0.524,0.333,BUS
0x2669,0.524,_,_,0.048,0.381,0.571,QUARTER NOTE
0x1f361,-0.048,__,,0.286,0.476,0.238,DANGO
0x2765,0.238,_,_,0.048,0.667,0.286,ROTATED HEAVY BLACK HEART BULLET
0x1f3a1,0.286,__,,0.095,0.524,0.381,FERRIS WHEEL
0x1f48c,0.5,__,,0.15,0.2,0.65,LOVE LETTER
0x1f429,0.35,__,,0.05,0.55,0.4,POODLE
0x1f31c,0.5,__,,0.05,0.4,0.55,LAST QUARTER MOON WITH FACE
0x231a,0.2,_,,0.15,0.5,0.35,WATCH
0x1f6bf,0.6,__,,0.1,0.2,0.7,SHOWER
0x1f416,0.15,__,,0.05,0.75,0.2,PIG
0x1f506,0.55,__,,0.05,0.35,0.6,HIGH BRIGHTNESS SYMBOL
0x1f31b,0.55,__,,0.05,0.35,0.6,FIRST QUARTER MOON WITH FACE
0x1f482,-0.15,__,,0.45,0.25,0.3,GUARDSMAN
0x1f414,0.3,__,,0.1,0.5,0.4,CHICKEN
0x1f64e,-0.05,__,,0.45,0.15,0.4,PERSON WITH POUTING FACE
0x1f3e9,0.421,__,,0.158,0.263,0.579,LOVE HOTEL
0x1f1eb,0.474,__,,0.053,0.421,0.526,REGIONAL INDICATOR SYMBOL LETTER F
0x1f528,-0.105,__,,0.368,0.368,0.263,HAMMER
0x1f4e2,0.421,__,,0.053,0.474,0.474,PUBLIC ADDRESS LOUDSPEAKER
0x1f426,0.421,__,,0.053,0.474,0.474,BIRD
0x1f432,-0.053,__,,0.158,0.737,0.105,DRAGON FACE
0x267b,0.474,_,,0.053,0.421,0.526,BLACK UNIVERSAL RECYCLING SYMBOL
0x1f318,0.579,__,,0.053,0.316,0.632,WANING CRESCENT MOON SYMBOL
0x1f350,0.158,__,,0.316,0.211,0.474,PEAR
0x1f314,0.579,__,,0.053,0.316,0.632,WAXING GIBBOUS MOON SYMBOL
0x2565,0.105,_,_,0.368,0.158,0.474,BOX DRAWINGS DOWN DOUBLE AND HORIZONTAL SINGLE
0x274a,0,_,_,0.053,0.895,0.053,EIGHT TEARDROP-SPOKED PROPELLER ASTERISK
0x1f456,0.333,__,,0.111,0.444,0.444,JEANS
0x1f6ba,0.167,__,,0.167,0.5,0.333,WOMENS SYMBOL
0x1f617,0.611,__,,0.111,0.167,0.722,KISSING FACE
0x1f3ad,0,__,,0.333,0.333,0.333,PERFORMING ARTS
0x1f404,0.278,__,,0.167,0.389,0.444,COW
0x25df,-0.056,_,_,0.167,0.722,0.111,LOWER LEFT QUADRANT CIRCULAR ARC
0x1f362,-0.111,__,,0.333,0.444,0.222,ODEN
0x1f3a8,0.167,__,,0.111,0.611,0.278,ARTIST PALETTE
0x2b07,0.389,_,,0.167,0.278,0.556,DOWNWARDS BLACK ARROW
0x1f6bc,0.556,__,,0.056,0.333,0.611,BABY SYMBOL
0x26f2,0.056,_,,0.111,0.722,0.167,FOUNTAIN
0x2581,0,_,_,0.056,0.889,0.056,LOWER ONE EIGHTH BLOCK
0x1f1f4,0.333,__,,0.056,0.556,0.389,REGIONAL INDICATOR SYMBOL LETTER O
0x1f317,0.611,__,,0.056,0.278,0.667,LAST QUARTER MOON SYMBOL
0x1f316,0.611,__,,0.056,0.278,0.667,WANING GIBBOUS MOON SYMBOL
0x1f505,0.833,__,,0.056,0.056,0.889,LOW BRIGHTNESS SYMBOL
0x1f45c,0.235,__,,0.176,0.412,0.412,HANDBAG
0x1f40c,0.647,__,,0.059,0.235,0.706,SNAIL
0x1f4bc,0.529,__,,0.118,0.235,0.647,BRIEFCASE
0x1f695,0,__,,0.235,0.529,0.235,TAXI
0x1f439,0.294,__,,0.235,0.235,0.529,HAMSTER FACE
0x1f320,0.529,__,,0.176,0.118,0.706,SHOOTING STAR
0x1f408,0.294,__,,0.059,0.588,0.353,CAT
0x21e7,0.118,_,_,0.059,0.765,0.176,UPWARDS WHITE ARROW
0x260e,0,_,,0.176,0.647,0.176,BLACK TELEPHONE
0x1f301,0.176,__,,0.118,0.588,0.294,FOGGY
0x26ab,0.235,_,,0.235,0.294,0.471,MEDIUM BLACK CIRCLE
0x2667,0.471,_,_,0.059,0.412,0.529,WHITE CLUB SUIT
0x1f3f0,0.294,__,,0.118,0.471,0.412,EUROPEAN CASTLE
0x1f6b5,0.353,__,,0.059,0.529,0.412,MOUNTAIN BICYCLIST
0x1f3a2,0.471,__,,0.118,0.294,0.588,ROLLER COASTER
0x1f3b7,0.647,__,,0.059,0.235,0.706,SAXOPHONE
0x1f390,0.176,__,,0.059,0.706,0.235,WIND CHIME
0x2508,-0.588,_,_,0.765,0.059,0.176,BOX DRAWINGS LIGHT QUADRUPLE DASH HORIZONTAL
0x2557,0.353,_,_,0.059,0.529,0.412,BOX DRAWINGS DOUBLE DOWN AND LEFT
0x2571,0,_,_,0.059,0.882,0.059,BOX DRAWINGS LIGHT DIAGONAL UPPER RIGHT TO LOWER LEFT
0x1f307,0.5,__,,0.063,0.375,0.563,SUNSET OVER BUILDINGS
0x23f0,0.438,_,,0.188,0.188,0.625,ALARM CLOCK
0x21e9,0,_,_,0.063,0.875,0.063,DOWNWARDS WHITE ARROW
0x1f682,0.25,__,,0.063,0.625,0.313,STEAM LOCOMOTIVE
0x25e0,0.438,_,_,0.063,0.438,0.5,UPPER HALF CIRCLE
0x1f3bf,0.375,__,,0.125,0.375,0.5,SKI AND SKI BOOT
0x2726,0.063,_,_,0.063,0.813,0.125,BLACK FOUR POINTED STAR
0x1f194,0.75,__,,0.063,0.125,0.813,SQUARED ID
0x26ea,0.125,_,,0.188,0.5,0.313,CHURCH
0x1f312,0.563,__,,0.063,0.313,0.625,WAXING CRESCENT MOON SYMBOL
0x1f42a,0.563,__,,0.063,0.313,0.625,DROMEDARY CAMEL
0x2554,0.25,_,_,0.063,0.625,0.313,BOX DRAWINGS DOUBLE DOWN AND RIGHT
0x255d,0.438,_,_,0.063,0.438,0.5,BOX DRAWINGS DOUBLE UP AND LEFT
0x1f454,0.333,__,,0.2,0.267,0.533,NECKTIE
0x1f531,0.067,__,,0.267,0.4,0.333,TRIDENT EMBLEM
0x1f193,0.2,__,,0.067,0.667,0.267,SQUARED FREE
0x1f40b,0.2,__,,0.2,0.4,0.4,WHALE
0x25bd,0.4,_,_,0.133,0.333,0.533,WHITE DOWN-POINTING TRIANGLE
0x2582,0,_,_,0.067,0.867,0.067,LOWER ONE QUARTER BLOCK
0x1f41b,0.267,__,,0.2,0.333,0.467,BUG
0x1f455,0.4,__,,0.133,0.333,0.533,T-SHIRT
0x1f68b,0.067,__,,0.067,0.8,0.133,TRAM CAR
0x1f4b3,0.4,__,,0.133,0.333,0.533,CREDIT CARD
0x1f306,0.133,__,,0.2,0.467,0.333,CITYSCAPE AT DUSK
0x1f3e7,0.8,__,,0.067,0.067,0.867,AUTOMATED TELLER MACHINE
0x1f4a1,0.6,__,,0.067,0.267,0.667,ELECTRIC LIGHT BULB
0x1f539,0.133,__,,0.2,0.467,0.333,SMALL BLUE DIAMOND
0x2b05,0.467,_,,0.067,0.4,0.533,LEFTWARDS BLACK ARROW
0x1f360,0,__,,0.4,0.2,0.4,ROASTED SWEET POTATO
0x1f42b,0.333,__,,0.067,0.533,0.4,BACTRIAN CAMEL
0x1f3ea,0.067,__,,0.2,0.533,0.267,CONVENIENCE STORE
0x6e9,0,_,_,0.067,0.867,0.067,ARABIC PLACE OF SAJDAH
0x1f1f1,0.4,__,,0.067,0.467,0.467,REGIONAL INDICATOR SYMBOL LETTER L
0x1f4f9,0.429,__,,0.143,0.286,0.571,VIDEO CAMERA
0x1f45e,0.429,__,,0.143,0.286,0.571,MANS SHOE
0x1f691,0.071,__,,0.286,0.357,0.357,AMBULANCE
0x1f198,0.071,__,,0.357,0.214,0.429,SQUARED SOS
0x1f45a,0.571,__,,0.071,0.286,0.643,WOMANS CLOTHES
0x1f68d,0.071,__,,0.357,0.214,0.429,ONCOMING BUS
0x25a1,-0.214,_,_,0.571,0.071,0.357,WHITE SQUARE
0x1f402,0.143,__,,0.143,0.571,0.286,OX
0x1f6a3,0.571,__,,0.071,0.286,0.643,ROWBOAT
0x2733,0,_,,0.071,0.857,0.071,EIGHT SPOKED ASTERISK
0x1f3c9,0.5,__,,0.071,0.357,0.571,RUGBY FOOTBALL
0x1f5fb,0.571,__,,0.071,0.286,0.643,MOUNT FUJI
0x1f400,0.143,__,,0.143,0.571,0.286,RAT
0x2566,0.357,_,_,0.071,0.5,0.429,BOX DRAWINGS DOUBLE DOWN AND HORIZONTAL
0x26fa,0.462,_,,0.154,0.231,0.615,TENT
0x1f415,0.231,__,,0.154,0.462,0.385,DOG
0x1f3c2,0.385,__,,0.154,0.308,0.538,SNOWBOARDER
0x1f461,0.385,__,,0.154,0.308,0.538,WOMANS SANDAL
0x1f4fb,0.308,__,,0.154,0.385,0.462,RADIO
0x2712,0.231,_,,0.154,0.462,0.385,BLACK NIB
0x1f330,0.538,__,,0.077,0.308,0.615,CHESTNUT
0x1f3e2,0.154,__,,0.077,0.692,0.231,OFFICE BUILDING
0x1f392,0.462,__,,0.154,0.231,0.615,SCHOOL SATCHEL
0x2312,0.538,_,_,0.077,0.308,0.615,ARC
0x1f3eb,-0.231,__,,0.538,0.154,0.308,SCHOOL
0x1f4f4,0.615,__,,0.154,0.077,0.769,MOBILE PHONE OFF
0x1f6a2,0.231,__,,0.308,0.154,0.538,SHIP
0x1f69a,-0.077,__,,0.231,0.615,0.154,DELIVERY TRUCK
0x1f409,0.154,__,,0.077,0.692,0.231,DRAGON
0x2752,0.231,_,_,0.077,0.615,0.308,UPPER RIGHT SHADOWED WHITE SQUARE
0x1f40a,0.077,__,,0.231,0.462,0.308,CROCODILE
0x1f514,0.769,__,,0.077,0.077,0.846,BELL
0x25e2,0.615,_,_,0.077,0.231,0.692,BLACK LOWER RIGHT TRIANGLE
0x1f3e5,0.25,__,,0.167,0.417,0.417,HOSPITAL
0x2754,0,_,,0.333,0.333,0.333,WHITE QUESTION MARK ORNAMENT
0x1f696,-0.083,__,,0.333,0.417,0.25,ONCOMING TAXI
0x1f0cf,0.083,__,,0.333,0.25,0.417,PLAYING CARD BLACK JOKER
0x25bc,0.083,_,_,0.25,0.417,0.333,BLACK DOWN-POINTING TRIANGLE
0x258c,-0.25,_,_,0.417,0.417,0.167,LEFT HALF BLOCK
0x261b,0.333,_,_,0.083,0.5,0.417,BLACK RIGHT POINTING INDEX
0x2729,0,_,_,0.083,0.833,0.083,STRESS OUTLINED WHITE STAR
0x1f492,0.5,__,,0.083,0.333,0.583,WEDDING
0x1f6a4,0.333,__,,0.083,0.5,0.417,SPEEDBOAT
0x1f410,0.417,__,,0.083,0.417,0.5,GOAT
0x25a0,-0.25,_,_,0.5,0.25,0.25,BLACK SQUARE
0x1f51a,0.333,__,,0.167,0.333,0.5,END WITH LEFTWARDS ARROW ABOVE
0x1f3bb,0.333,__,,0.083,0.5,0.417,VIOLIN
0x1f537,0.167,__,,0.083,0.667,0.25,LARGE BLUE DIAMOND
0x1f6a6,0.083,__,,0.25,0.417,0.333,VERTICAL TRAFFIC LIGHT
0x1f513,0.083,__,,0.333,0.25,0.417,OPEN LOCK
0x1f3bd,0.417,__,,0.083,0.417,0.5,RUNNING SHIRT WITH SASH
0x1f4c5,0.167,__,,0.25,0.333,0.417,CALENDAR
0x1f3ba,0.583,__,,0.167,0.083,0.75,TRUMPET
0x272f,0,_,_,0.083,0.833,0.083,PINWHEEL STAR
0x1f348,-0.333,__,,0.583,0.167,0.25,MELON
0x2709,0.25,_,,0.167,0.417,0.417,ENVELOPE
0x2563,0,_,_,0.083,0.833,0.083,BOX DRAWINGS DOUBLE VERTICAL AND LEFT
0x25e4,0.75,_,_,0.083,0.083,0.833,BLACK UPPER LEFT TRIANGLE
0x25cb,0.455,_,_,0.091,0.364,0.545,WHITE CIRCLE
0x1f37c,0.455,__,,0.182,0.182,0.636,BABY BOTTLE
0x1f4c0,0.091,__,,0.182,0.545,0.273,DVD
0x1f69b,-0.182,__,,0.273,0.636,0.091,ARTICULATED LORRY
0x1f4d3,0.182,__,,0.182,0.455,0.364,NOTEBOOK
0x2609,0.182,_,_,0.091,0.636,0.273,SUN
0x1f4b4,-0.182,__,,0.364,0.455,0.182,BANKNOTE WITH YEN SIGN
0x253c,0,_,_,0.273,0.455,0.273,BOX DRAWINGS LIGHT VERTICAL AND HORIZONTAL
0x1f403,0,__,,0.091,0.818,0.091,WATER BUFFALO
0x27b0,-0.091,_,,0.455,0.182,0.364,CURLY LOOP
0x1f50c,-0.091,__,,0.364,0.364,0.273,ELECTRIC PLUG
0x1f344,0,__,,0.273,0.455,0.273,MUSHROOM
0x1f4d5,0.182,__,,0.182,0.455,0.364,CLOSED BOOK
0x1f4e3,0.364,__,,0.182,0.273,0.545,CHEERING MEGAPHONE
0x1f693,0.273,__,,0.091,0.545,0.364,POLICE CAR
0x1f417,0.455,__,,0.091,0.364,0.545,BOAR
0x21aa,0.091,_,,0.091,0.727,0.182,RIGHTWARDS ARROW WITH HOOK
0x26f3,0.636,_,,0.091,0.182,0.727,FLAG IN HOLE
0x253b,-0.364,_,_,0.636,0.091,0.273,BOX DRAWINGS HEAVY UP AND HORIZONTAL
0x251b,0.545,_,_,0.091,0.273,0.636,BOX DRAWINGS HEAVY UP AND LEFT
0x2503,0.364,_,_,0.091,0.455,0.455,BOX DRAWINGS HEAVY VERTICAL
0x1f471,0.1,__,,0.2,0.5,0.3,PERSON WITH BLOND HAIR
0x23f3,0,_,,0.4,0.2,0.4,HOURGLASS WITH FLOWING SAND
0x1f4ba,0.2,__,,0.2,0.4,0.4,SEAT
0x1f3c7,-0.1,__,,0.4,0.3,0.3,HORSE RACING
0x263b,0.2,_,_,0.2,0.4,0.4,BLACK SMILING FACE
0x1f4de,0.4,__,,0.1,0.4,0.5,TELEPHONE RECEIVER
0x24b6,-0.1,_,_,0.3,0.5,0.2,CIRCLED LATIN CAPITAL LETTER A
0x1f309,0.5,__,,0.1,0.3,0.6,BRIDGE AT NIGHT
0x1f6a9,-0.2,__,,0.4,0.4,0.2,TRIANGULAR FLAG ON POST
0x270e,0.5,_,_,0.1,0.3,0.6,LOWER RIGHT PENCIL
0x1f4c3,0.4,__,,0.1,0.4,0.5,PAGE WITH CURL
0x1f3e8,0.2,__,,0.1,0.6,0.3,HOTEL
0x1f4cc,-0.4,__,,0.6,0.2,0.2,PUSHPIN
0x264e,-0.1,_,,0.3,0.5,0.2,LIBRA
0x1f4b7,0.4,__,,0.1,0.4,0.5,BANKNOTE WITH POUND SIGN
0x1f684,0.5,__,,0.1,0.3,0.6,HIGH-SPEED TRAIN
0x25b2,0.5,_,_,0.1,0.3,0.6,BLACK UP-POINTING TRIANGLE
0x26f5,0.5,_,,0.1,0.3,0.6,SAILBOAT
0x1f538,0.2,__,,0.1,0.6,0.3,SMALL ORANGE DIAMOND
0x231b,0.1,_,,0.3,0.3,0.4,HOURGLASS
0x1f69c,0.7,__,,0.1,0.1,0.8,TRACTOR
0x1f406,0.3,__,,0.1,0.5,0.4,LEOPARD
0x1f452,0.2,__,,0.2,0.4,0.4,WOMANS HAT
0x2755,0.2,_,,0.2,0.4,0.4,WHITE EXCLAMATION MARK ORNAMENT
0x1f51b,0.4,__,,0.2,0.2,0.6,ON WITH EXCLAMATION MARK WITH LEFT RIGHT ARROW ABOVE
0x2662,0.3,_,_,0.1,0.5,0.4,WHITE DIAMOND SUIT
0x1f1f2,0.4,__,,0.1,0.4,0.5,REGIONAL INDICATOR SYMBOL LETTER M
0x2745,0.6,_,_,0.1,0.2,0.7,TIGHT TRIFOLIATE SNOWFLAKE
0x1f45d,0.333,__,,0.222,0.222,0.556,POUCH
0x271e,0.333,_,_,0.111,0.444,0.444,SHADOWED WHITE LATIN CROSS
0x25e1,0.222,_,_,0.111,0.556,0.333,LOWER HALF CIRCLE
0x1f38b,0.444,__,,0.222,0.111,0.667,TANABATA TREE
0x1f465,0.222,__,,0.222,0.333,0.444,BUSTS IN SILHOUETTE
0x1f4f5,0.111,__,,0.222,0.444,0.333,NO MOBILE PHONES
0x1f421,0.222,__,,0.111,0.556,0.333,BLOWFISH
0x25c6,0.556,_,_,0.111,0.222,0.667,BLACK DIAMOND
0x1f3ef,0.111,__,,0.111,0.667,0.222,JAPANESE CASTLE
0x2602,0,_,_,0.222,0.556,0.222,UMBRELLA
0x1f52d,0.333,__,,0.111,0.444,0.444,TELESCOPE
0x1f3aa,0.222,__,,0.111,0.556,0.333,CIRCUS TENT
0x1f41c,0.444,__,,0.111,0.333,0.556,ANT
0x264c,0.556,_,,0.111,0.222,0.667,LEO
0x2610,-0.667,_,_,0.778,0.111,0.111,BALLOT BOX
0x1f477,0.222,__,,0.222,0.333,0.444,CONSTRUCTION WORKER
0x21b3,0,_,_,0.111,0.778,0.111,DOWNWARDS ARROW WITH TIP RIGHTWARDS
0x1f508,0.222,__,,0.111,0.556,0.333,SPEAKER
0x1f4c4,0.667,__,,0.111,0.111,0.778,PAGE FACING UP
0x1f4cd,0.111,__,,0.222,0.444,0.333,ROUND PUSHPIN
0x1f690,0.556,__,,0.111,0.222,0.667,MINIBUS
0x1f694,0,__,,0.222,0.556,0.222,ONCOMING POLICE CAR
0x1f30b,0.444,__,,0.111,0.333,0.556,VOLCANO
0x1f4e1,0.222,__,,0.222,0.333,0.444,SATELLITE ANTENNA
0x23e9,0.111,_,,0.111,0.667,0.222,BLACK RIGHT-POINTING DOUBLE TRIANGLE
0x1f6b3,0.667,__,,0.111,0.111,0.778,NO BICYCLES
0x2718,0.556,_,_,0.111,0.222,0.667,HEAVY BALLOT X
0x6de,0,_,_,0.111,0.778,0.111,ARABIC START OF RUB EL HIZB
0x263e,0,_,_,0.111,0.778,0.111,LAST QUARTER MOON
0x1f170,0.222,__,,0.222,0.333,0.444,NEGATIVE SQUARED LATIN CAPITAL LETTER A
0x1f4e5,0,__,,0.111,0.778,0.111,INBOX TRAY
0x1f1fc,0.333,__,,0.111,0.444,0.444,REGIONAL INDICATOR SYMBOL LETTER W
0x2513,0.444,_,_,0.111,0.333,0.556,BOX DRAWINGS HEAVY DOWN AND LEFT
0x2523,0.444,_,_,0.111,0.333,0.556,BOX DRAWINGS HEAVY VERTICAL AND RIGHT
0x24c1,0.333,_,_,0.111,0.444,0.444,CIRCLED LATIN CAPITAL LETTER L
0x24ba,0.333,_,_,0.111,0.444,0.444,CIRCLED LATIN CAPITAL LETTER E
0x1f526,0,__,,0.125,0.75,0.125,ELECTRIC TORCH
0x1f464,0.5,__,,0.125,0.25,0.625,BUST IN SILHOUETTE
0x1f681,0.125,__,,0.125,0.625,0.25,HELICOPTER
0x1f3a0,0.375,__,,0.125,0.375,0.5,CAROUSEL HORSE
0x1f401,-0.25,__,,0.375,0.5,0.125,MOUSE
0x1f4d7,0.125,__,,0.25,0.375,0.375,GREEN BOOK
0x2510,-0.125,_,_,0.375,0.375,0.25,BOX DRAWINGS LIGHT DOWN AND LEFT
0x262e,0,_,_,0.375,0.25,0.375,PEACE SYMBOL
0x2642,0.125,_,_,0.125,0.625,0.25,MALE SIGN
0x25de,0,_,_,0.25,0.5,0.25,LOWER RIGHT QUADRANT CIRCULAR ARC
0x1f4ef,-0.125,__,,0.25,0.625,0.125,POSTAL HORN
0x1f529,0.125,__,,0.25,0.375,0.375,NUT AND BOLT
0x1f462,0.5,__,,0.125,0.25,0.625,WOMANS BOOTS
0x25c2,0.25,_,_,0.125,0.5,0.375,BLACK LEFT-POINTING SMALL TRIANGLE
0x1f4f0,0.25,__,,0.25,0.25,0.5,NEWSPAPER
0x1f4f6,0.25,__,,0.125,0.5,0.375,ANTENNA WITH BARS
0x1f6a5,0,__,,0.25,0.5,0.25,HORIZONTAL TRAFFIC LIGHT
0x1f304,0.125,__,,0.125,0.625,0.25,SUNRISE OVER MOUNTAINS
0x1f5fe,0.25,__,,0.125,0.5,0.375,SILHOUETTE OF JAPAN
0x1f536,0.25,__,,0.125,0.5,0.375,LARGE ORANGE DIAMOND
0x1f3e4,0.25,__,,0.125,0.5,0.375,EUROPEAN POST OFFICE
0x1f3a9,0.25,__,,0.125,0.5,0.375,TOP HAT
0x24c2,0.25,_,,0.25,0.25,0.5,CIRCLED LATIN CAPITAL LETTER M
0x1f527,-0.375,__,,0.625,0.125,0.25,WRENCH
0x1f405,0.125,__,,0.125,0.625,0.25,TIGER
0x266e,0.125,_,_,0.125,0.625,0.25,MUSIC NATURAL SIGN
0x1f17e,-0.125,__,,0.375,0.375,0.25,NEGATIVE SQUARED LATIN CAPITAL LETTER O
0x1f504,0,__,,0.125,0.75,0.125,ANTICLOCKWISE DOWNWARDS AND UPWARDS OPEN CIRCLE ARROWS
0x2604,0,_,_,0.125,0.75,0.125,COMET
0x2628,0,_,_,0.125,0.75,0.125,CROSS OF LORRAINE
